0 1.0 0.037037037
1 1.0 0.074074075
2 1.0 0.11111111
3 1.0 0.14814815
4 1.0 0.18518518
5 0.8333333 0.18518518
6 0.85714287 0.22222222
7 0.75 0.22222222
8 0.7777778 0.25925925
9 0.7 0.25925925
10 0.72727275 0.2962963
11 0.6666667 0.2962963
12 0.6923077 0.33333334
13 0.71428573 0.37037036
14 0.6666667 0.37037036
15 0.625 0.37037036
16 0.5882353 0.37037036
17 0.5555556 0.37037036
18 0.57894737 0.4074074
19 0.55 0.4074074
20 0.52380955 0.4074074
21 0.54545456 0.44444445
22 0.5652174 0.4814815
23 0.5416667 0.4814815
24 0.56 0.5185185
25 0.53846157 0.5185185
26 0.5185185 0.5185185
27 0.5 0.5185185
28 0.4827586 0.5185185
29 0.5 0.5555556
30 0.48387095 0.5555556
31 0.46875 0.5555556
32 0.45454547 0.5555556
33 0.44117647 0.5555556
34 0.42857143 0.5555556
35 0.41666666 0.5555556
36 0.43243244 0.5925926
37 0.42105263 0.5925926
38 0.41025642 0.5925926
39 0.4 0.5925926
40 0.3902439 0.5925926
41 0.4047619 0.6296296
42 0.39534885 0.6296296
43 0.38636363 0.6296296
44 0.4 0.6666667
45 0.39130434 0.6666667
46 0.38297874 0.6666667
47 0.375 0.6666667
48 0.36734694 0.6666667
49 0.36 0.6666667
50 0.3529412 0.6666667
51 0.34615386 0.6666667
52 0.33962265 0.6666667
53 0.33333334 0.6666667
54 0.3272727 0.6666667
55 0.32142857 0.6666667
56 0.33333334 0.7037037
57 0.3275862 0.7037037
58 0.33898306 0.7407407
59 0.33333334 0.7407407
60 0.32786885 0.7407407
61 0.32258064 0.7407407
62 0.31746033 0.7407407
63 0.328125 0.7777778
64 0.32307693 0.7777778
65 0.3181818 0.7777778
66 0.31343284 0.7777778
67 0.32352942 0.8148148
68 0.3188406 0.8148148
69 0.31428573 0.8148148
70 0.30985916 0.8148148
71 0.30555555 0.8148148
72 0.30136988 0.8148148
73 0.3108108 0.8518519
74 0.30666667 0.8518519
75 0.3026316 0.8518519
76 0.2987013 0.8518519
77 0.2948718 0.8518519
78 0.29113925 0.8518519
79 0.2875 0.8518519
80 0.28395063 0.8518519
81 0.2804878 0.8518519
82 0.27710843 0.8518519
83 0.27380952 0.8518519
84 0.28235295 0.8888889
85 0.27906978 0.8888889
86 0.27586207 0.8888889
87 0.27272728 0.8888889
88 0.26966292 0.8888889
89 0.26666668 0.8888889
90 0.26373628 0.8888889
91 0.26086956 0.8888889
92 0.2580645 0.8888889
93 0.26595744 0.9259259
94 0.2631579 0.9259259
95 0.26041666 0.9259259
96 0.25773194 0.9259259
97 0.25510204 0.9259259
98 0.25252524 0.9259259
99 0.25 0.9259259
100 0.25742576 0.962963
101 0.25490198 0.962963
102 0.2524272 0.962963
103 0.25 0.962963
104 0.24761905 0.962963
105 0.24528302 0.962963
106 0.24299066 0.962963
107 0.24074075 0.962963
108 0.23853211 0.962963
109 0.23636363 0.962963
110 0.23423423 0.962963
111 0.23214285 0.962963
112 0.2300885 0.962963
113 0.22807017 0.962963
114 0.22608696 0.962963
115 0.22413793 0.962963
116 0.22222222 0.962963
117 0.22033899 0.962963
118 0.2184874 0.962963
119 0.21666667 0.962963
120 0.21487603 0.962963
121 0.21311475 0.962963
122 0.21138212 0.962963
123 0.20967741 0.962963
124 0.208 0.962963
125 0.20634921 0.962963
126 0.20472442 0.962963
127 0.203125 0.962963
128 0.2015504 0.962963
129 0.2 0.962963
130 0.19847329 0.962963
131 0.1969697 0.962963
132 0.19548872 0.962963
133 0.19402985 0.962963
134 0.19259259 0.962963
135 0.19117647 0.962963
136 0.18978103 0.962963
137 0.1884058 0.962963
138 0.18705036 0.962963
139 0.18571429 0.962963
140 0.18439716 0.962963
141 0.18309858 0.962963
142 0.18181819 0.962963
143 0.18055555 0.962963
144 0.17931035 0.962963
145 0.1780822 0.962963
146 0.17687075 0.962963
147 0.17567568 0.962963
148 0.17449665 0.962963
149 0.17333333 0.962963
150 0.17218544 0.962963
151 0.17105263 0.962963
152 0.16993465 0.962963
153 0.16883117 0.962963
154 0.16774194 0.962963
155 0.16666667 0.962963
156 0.1656051 0.962963
157 0.16455697 0.962963
158 0.16352202 0.962963
159 0.1625 0.962963
160 0.16149068 0.962963
161 0.16049382 0.962963
162 0.1595092 0.962963
163 0.15853658 0.962963
164 0.15757576 0.962963
165 0.15662651 0.962963
166 0.15568863 0.962963
167 0.15476191 0.962963
168 0.15384616 0.962963
169 0.15294118 0.962963
170 0.15204678 0.962963
171 0.15116279 0.962963
172 0.15028901 0.962963
173 0.14942528 0.962963
174 0.14857143 0.962963
175 0.14772727 0.962963
176 0.14689265 0.962963
177 0.14606741 0.962963
178 0.1452514 0.962963
179 0.14444445 0.962963
180 0.1436464 0.962963
181 0.14285715 0.962963
182 0.1420765 0.962963
183 0.14130434 0.962963
184 0.14054054 0.962963
185 0.13978495 0.962963
186 0.13903743 0.962963
187 0.13829787 0.962963
188 0.13756613 0.962963
189 0.1368421 0.962963
190 0.13612565 0.962963
191 0.13541667 0.962963
192 0.13471502 0.962963
193 0.13402061 0.962963
194 0.13333334 0.962963
195 0.13265306 0.962963
196 0.13197969 0.962963
197 0.13131313 0.962963
198 0.13065326 0.962963
199 0.13 0.962963
200 0.12935324 0.962963
201 0.12871288 0.962963
202 0.12807882 0.962963
203 0.12745099 0.962963
204 0.12682927 0.962963
205 0.1262136 0.962963
206 0.12560387 0.962963
207 0.125 0.962963
208 0.12440191 0.962963
209 0.123809524 0.962963
210 0.123222746 0.962963
211 0.12264151 0.962963
212 0.12206573 0.962963
213 0.12149533 0.962963
214 0.12093023 0.962963
215 0.12037037 0.962963
216 0.11981567 0.962963
217 0.119266056 0.962963
218 0.11872146 0.962963
219 0.11818182 0.962963
220 0.11764706 0.962963
221 0.117117114 0.962963
222 0.11659193 0.962963
223 0.116071425 0.962963
224 0.115555555 0.962963
225 0.11504425 0.962963
226 0.11453745 0.962963
227 0.114035085 0.962963
228 0.11353712 0.962963
229 0.11304348 0.962963
230 0.11255411 0.962963
231 0.112068966 0.962963
232 0.11158799 0.962963
233 0.11111111 0.962963
234 0.1106383 0.962963
235 0.11016949 0.962963
236 0.10970464 0.962963
237 0.1092437 0.962963
238 0.10878661 0.962963
239 0.108333334 0.962963
240 0.10788382 0.962963
241 0.10743801 0.962963
242 0.10699589 0.962963
243 0.10655738 0.962963
244 0.10612245 0.962963
245 0.10569106 0.962963
246 0.10526316 0.962963
247 0.10483871 0.962963
248 0.104417674 0.962963
249 0.104 0.962963
250 0.10358566 0.962963
251 0.103174604 0.962963
252 0.1027668 0.962963
253 0.10236221 0.962963
254 0.101960786 0.962963
255 0.1015625 0.962963
256 0.101167314 0.962963
257 0.1007752 0.962963
258 0.1003861 0.962963
259 0.1 0.962963
260 0.099616855 0.962963
261 0.099236645 0.962963
262 0.09885932 0.962963
263 0.09848485 0.962963
264 0.09811321 0.962963
265 0.09774436 0.962963
266 0.09737828 0.962963
267 0.09701493 0.962963
268 0.09665427 0.962963
269 0.096296296 0.962963
270 0.09594096 0.962963
271 0.09558824 0.962963
272 0.0952381 0.962963
273 0.09489051 0.962963
274 0.094545454 0.962963
275 0.0942029 0.962963
276 0.09386282 0.962963
277 0.09352518 0.962963
278 0.09318996 0.962963
279 0.092857145 0.962963
280 0.09252669 0.962963
281 0.09219858 0.962963
282 0.09187279 0.962963
283 0.09154929 0.962963
284 0.09122807 0.962963
285 0.09090909 0.962963
286 0.09059233 0.962963
287 0.090277776 0.962963
288 0.089965396 0.962963
289 0.089655176 0.962963
290 0.08934708 0.962963
291 0.0890411 0.962963
292 0.088737205 0.962963
293 0.088435374 0.962963
294 0.08813559 0.962963
295 0.08783784 0.962963
296 0.08754209 0.962963
297 0.087248325 0.962963
298 0.08695652 0.962963
299 0.086666666 0.962963
300 0.08637874 0.962963
301 0.08609272 0.962963
302 0.08580858 0.962963
303 0.08552632 0.962963
304 0.0852459 0.962963
305 0.08496732 0.962963
306 0.084690556 0.962963
307 0.084415585 0.962963
308 0.084142394 0.962963
309 0.08387097 0.962963
310 0.08360129 0.962963
311 0.083333336 0.962963
312 0.08306709 0.962963
313 0.08280255 0.962963
314 0.082539685 0.962963
315 0.08227848 0.962963
316 0.08201893 0.962963
317 0.08176101 0.962963
318 0.0815047 0.962963
319 0.08125 0.962963
320 0.080996886 0.962963
321 0.08074534 0.962963
322 0.08049536 0.962963
323 0.08024691 0.962963
324 0.08 0.962963
325 0.0797546 0.962963
326 0.0795107 0.962963
327 0.07926829 0.962963
328 0.079027355 0.962963
329 0.07878788 0.962963
330 0.07854985 0.962963
331 0.078313254 0.962963
332 0.078078076 0.962963
333 0.077844314 0.962963
334 0.07761194 0.962963
335 0.077380955 0.962963
336 0.077151336 0.962963
337 0.07692308 0.962963
338 0.076696165 0.962963
339 0.07647059 0.962963
340 0.076246336 0.962963
341 0.07602339 0.962963
342 0.07580175 0.962963
343 0.075581394 0.962963
344 0.07536232 0.962963
345 0.07514451 0.962963
346 0.074927956 0.962963
347 0.07471264 0.962963
348 0.074498564 0.962963
349 0.074285716 0.962963
350 0.074074075 0.962963
351 0.07386363 0.962963
352 0.07365439 0.962963
353 0.073446326 0.962963
354 0.07323944 0.962963
355 0.073033705 0.962963
356 0.072829135 0.962963
357 0.0726257 0.962963
358 0.0724234 0.962963
359 0.072222225 0.962963
360 0.07202216 0.962963
361 0.0718232 0.962963
362 0.071625344 0.962963
363 0.071428575 0.962963
364 0.07123288 0.962963
365 0.07103825 0.962963
366 0.07084469 0.962963
367 0.07065217 0.962963
368 0.07046071 0.962963
369 0.07027027 0.962963
370 0.07008086 0.962963
371 0.06989247 0.962963
372 0.06970509 0.962963
373 0.069518715 0.962963
374 0.06933333 0.962963
375 0.069148935 0.962963
376 0.06896552 0.962963
377 0.06878307 0.962963
378 0.068601586 0.962963
