0 1.0 0.037037037
1 0.5 0.037037037
2 0.33333334 0.037037037
3 0.25 0.037037037
4 0.2 0.037037037
5 0.33333334 0.074074075
6 0.2857143 0.074074075
7 0.25 0.074074075
8 0.33333334 0.11111111
9 0.3 0.11111111
10 0.27272728 0.11111111
11 0.25 0.11111111
12 0.23076923 0.11111111
13 0.2857143 0.14814815
14 0.26666668 0.14814815
15 0.25 0.14814815
16 0.23529412 0.14814815
17 0.22222222 0.14814815
18 0.21052632 0.14814815
19 0.2 0.14814815
20 0.1904762 0.14814815
21 0.18181819 0.14814815
22 0.17391305 0.14814815
23 0.16666667 0.14814815
24 0.16 0.14814815
25 0.15384616 0.14814815
26 0.18518518 0.18518518
27 0.17857143 0.18518518
28 0.1724138 0.18518518
29 0.16666667 0.18518518
30 0.16129032 0.18518518
31 0.15625 0.18518518
32 0.15151516 0.18518518
33 0.14705883 0.18518518
34 0.14285715 0.18518518
35 0.1388889 0.18518518
36 0.13513513 0.18518518
37 0.13157895 0.18518518
38 0.12820514 0.18518518
39 0.125 0.18518518
40 0.12195122 0.18518518
41 0.11904762 0.18518518
42 0.13953489 0.22222222
43 0.13636364 0.22222222
44 0.13333334 0.22222222
45 0.1521739 0.25925925
46 0.14893617 0.25925925
47 0.16666667 0.2962963
48 0.1632653 0.2962963
49 0.16 0.2962963
50 0.15686275 0.2962963
51 0.17307693 0.33333334
52 0.16981132 0.33333334
53 0.16666667 0.33333334
54 0.16363636 0.33333334
55 0.16071428 0.33333334
56 0.1754386 0.37037036
57 0.1724138 0.37037036
58 0.16949153 0.37037036
59 0.16666667 0.37037036
60 0.16393442 0.37037036
61 0.17741935 0.4074074
62 0.17460318 0.4074074
63 0.171875 0.4074074
64 0.16923077 0.4074074
65 0.16666667 0.4074074
66 0.1641791 0.4074074
67 0.16176471 0.4074074
68 0.1594203 0.4074074
69 0.15714286 0.4074074
70 0.16901408 0.44444445
71 0.16666667 0.44444445
72 0.16438356 0.44444445
73 0.16216215 0.44444445
74 0.16 0.44444445
75 0.15789473 0.44444445
76 0.15584415 0.44444445
77 0.16666667 0.4814815
78 0.16455697 0.4814815
79 0.1625 0.4814815
80 0.17283951 0.5185185
81 0.17073171 0.5185185
82 0.18072289 0.5555556
83 0.17857143 0.5555556
84 0.1882353 0.5925926
85 0.18604651 0.5925926
86 0.18390805 0.5925926
87 0.18181819 0.5925926
88 0.19101124 0.6296296
89 0.18888889 0.6296296
90 0.18681319 0.6296296
91 0.18478261 0.6296296
92 0.1827957 0.6296296
93 0.18085106 0.6296296
94 0.17894737 0.6296296
95 0.1875 0.6666667
96 0.185567 0.6666667
97 0.18367347 0.6666667
98 0.18181819 0.6666667
99 0.18 0.6666667
100 0.17821783 0.6666667
101 0.1764706 0.6666667
102 0.17475729 0.6666667
103 0.1826923 0.7037037
104 0.18095239 0.7037037
105 0.17924528 0.7037037
106 0.17757009 0.7037037
107 0.17592593 0.7037037
108 0.17431192 0.7037037
109 0.18181819 0.7407407
110 0.18018018 0.7407407
111 0.17857143 0.7407407
112 0.17699115 0.7407407
113 0.1754386 0.7407407
114 0.17391305 0.7407407
115 0.1724138 0.7407407
116 0.17094018 0.7407407
117 0.16949153 0.7407407
118 0.16806723 0.7407407
119 0.175 0.7777778
120 0.17355372 0.7777778
121 0.17213115 0.7777778
122 0.17073171 0.7777778
123 0.16935484 0.7777778
124 0.168 0.7777778
125 0.16666667 0.7777778
126 0.16535433 0.7777778
127 0.1640625 0.7777778
128 0.1627907 0.7777778
129 0.16153847 0.7777778
130 0.16030534 0.7777778
131 0.1590909 0.7777778
132 0.15789473 0.7777778
133 0.1641791 0.8148148
134 0.16296296 0.8148148
135 0.16911764 0.8518519
136 0.16788322 0.8518519
137 0.16666667 0.8518519
138 0.16546762 0.8518519
139 0.16428572 0.8518519
140 0.16312057 0.8518519
141 0.16197184 0.8518519
142 0.16083916 0.8518519
143 0.15972222 0.8518519
144 0.15862069 0.8518519
145 0.15753424 0.8518519
146 0.15646258 0.8518519
147 0.16216215 0.8888889
148 0.16107382 0.8888889
149 0.16 0.8888889
150 0.1589404 0.8888889
151 0.15789473 0.8888889
152 0.15686275 0.8888889
153 0.15584415 0.8888889
154 0.15483871 0.8888889
155 0.15384616 0.8888889
156 0.15286624 0.8888889
157 0.15189873 0.8888889
158 0.1509434 0.8888889
159 0.15 0.8888889
160 0.14906833 0.8888889
161 0.14814815 0.8888889
162 0.14723927 0.8888889
163 0.14634146 0.8888889
164 0.14545454 0.8888889
165 0.14457831 0.8888889
166 0.14371258 0.8888889
167 0.14285715 0.8888889
168 0.14201184 0.8888889
169 0.14117648 0.8888889
170 0.14035088 0.8888889
171 0.13953489 0.8888889
172 0.14450867 0.9259259
173 0.14367816 0.9259259
174 0.14285715 0.9259259
175 0.14204545 0.9259259
176 0.14124294 0.9259259
177 0.14044943 0.9259259
178 0.1396648 0.9259259
179 0.1388889 0.9259259
180 0.13812155 0.9259259
181 0.13736264 0.9259259
182 0.13661203 0.9259259
183 0.13586956 0.9259259
184 0.13513513 0.9259259
185 0.13440861 0.9259259
186 0.13368984 0.9259259
187 0.13297872 0.9259259
188 0.13227513 0.9259259
189 0.13157895 0.9259259
190 0.13089006 0.9259259
191 0.13020833 0.9259259
192 0.12953368 0.9259259
193 0.12886597 0.9259259
194 0.12820514 0.9259259
195 0.12755102 0.9259259
196 0.12690355 0.9259259
197 0.12626262 0.9259259
198 0.12562814 0.9259259
199 0.125 0.9259259
200 0.12437811 0.9259259
201 0.12376238 0.9259259
202 0.12315271 0.9259259
203 0.12254902 0.9259259
204 0.12195122 0.9259259
205 0.12135922 0.9259259
206 0.12077295 0.9259259
207 0.120192304 0.9259259
208 0.119617224 0.9259259
209 0.11904762 0.9259259
210 0.11848341 0.9259259
211 0.11792453 0.9259259
212 0.11737089 0.9259259
213 0.11682243 0.9259259
214 0.11627907 0.9259259
215 0.11574074 0.9259259
216 0.115207374 0.9259259
217 0.1146789 0.9259259
218 0.11415525 0.9259259
219 0.11363637 0.9259259
220 0.11312217 0.9259259
221 0.11261261 0.9259259
222 0.11210762 0.9259259
223 0.11160714 0.9259259
224 0.11111111 0.9259259
225 0.11061947 0.9259259
226 0.11013216 0.9259259
227 0.10964912 0.9259259
228 0.1091703 0.9259259
229 0.10869565 0.9259259
230 0.10822511 0.9259259
231 0.10775862 0.9259259
232 0.10729614 0.9259259
233 0.10683761 0.9259259
234 0.10638298 0.9259259
235 0.105932206 0.9259259
236 0.10548523 0.9259259
237 0.10504202 0.9259259
238 0.10878661 0.962963
239 0.108333334 0.962963
240 0.10788382 0.962963
241 0.10743801 0.962963
242 0.10699589 0.962963
243 0.10655738 0.962963
244 0.10612245 0.962963
245 0.10569106 0.962963
246 0.10526316 0.962963
247 0.10483871 0.962963
248 0.104417674 0.962963
249 0.104 0.962963
250 0.10358566 0.962963
251 0.103174604 0.962963
252 0.1027668 0.962963
253 0.10236221 0.962963
254 0.101960786 0.962963
255 0.1015625 0.962963
256 0.101167314 0.962963
257 0.1007752 0.962963
258 0.1003861 0.962963
259 0.1 0.962963
260 0.099616855 0.962963
261 0.099236645 0.962963
262 0.09885932 0.962963
263 0.09848485 0.962963
264 0.09811321 0.962963
265 0.09774436 0.962963
266 0.09737828 0.962963
267 0.09701493 0.962963
268 0.09665427 0.962963
269 0.096296296 0.962963
270 0.09594096 0.962963
271 0.09558824 0.962963
272 0.0952381 0.962963
273 0.09489051 0.962963
274 0.094545454 0.962963
275 0.0942029 0.962963
276 0.09386282 0.962963
277 0.09352518 0.962963
278 0.09318996 0.962963
279 0.092857145 0.962963
280 0.09252669 0.962963
281 0.09219858 0.962963
282 0.09187279 0.962963
283 0.09154929 0.962963
284 0.09122807 0.962963
285 0.09090909 0.962963
286 0.09059233 0.962963
287 0.090277776 0.962963
288 0.089965396 0.962963
289 0.089655176 0.962963
290 0.08934708 0.962963
291 0.0890411 0.962963
292 0.088737205 0.962963
293 0.088435374 0.962963
294 0.08813559 0.962963
295 0.08783784 0.962963
296 0.08754209 0.962963
297 0.087248325 0.962963
298 0.08695652 0.962963
299 0.086666666 0.962963
300 0.08637874 0.962963
301 0.08609272 0.962963
302 0.08580858 0.962963
303 0.08552632 0.962963
304 0.0852459 0.962963
305 0.08496732 0.962963
306 0.084690556 0.962963
307 0.084415585 0.962963
308 0.084142394 0.962963
309 0.08387097 0.962963
310 0.08360129 0.962963
311 0.083333336 0.962963
312 0.08306709 0.962963
313 0.08280255 0.962963
314 0.082539685 0.962963
315 0.08227848 0.962963
316 0.08201893 0.962963
317 0.08176101 0.962963
318 0.0815047 0.962963
319 0.08125 0.962963
320 0.080996886 0.962963
321 0.08074534 0.962963
322 0.08049536 0.962963
323 0.08024691 0.962963
324 0.08 0.962963
325 0.0797546 0.962963
326 0.0795107 0.962963
327 0.07926829 0.962963
328 0.079027355 0.962963
329 0.07878788 0.962963
330 0.07854985 0.962963
331 0.078313254 0.962963
332 0.078078076 0.962963
333 0.077844314 0.962963
334 0.07761194 0.962963
335 0.077380955 0.962963
336 0.077151336 0.962963
337 0.07692308 0.962963
338 0.076696165 0.962963
339 0.07647059 0.962963
340 0.076246336 0.962963
341 0.07602339 0.962963
342 0.07580175 0.962963
343 0.075581394 0.962963
344 0.07536232 0.962963
345 0.07514451 0.962963
346 0.074927956 0.962963
347 0.07471264 0.962963
348 0.074498564 0.962963
349 0.074285716 0.962963
350 0.074074075 0.962963
351 0.07386363 0.962963
352 0.07365439 0.962963
353 0.073446326 0.962963
354 0.07323944 0.962963
355 0.073033705 0.962963
356 0.072829135 0.962963
357 0.0726257 0.962963
358 0.0724234 0.962963
359 0.072222225 0.962963
360 0.07202216 0.962963
361 0.0718232 0.962963
362 0.071625344 0.962963
363 0.071428575 0.962963
364 0.07123288 0.962963
365 0.07103825 0.962963
366 0.07084469 0.962963
367 0.07065217 0.962963
368 0.07046071 0.962963
369 0.07027027 0.962963
370 0.07008086 0.962963
371 0.06989247 0.962963
372 0.06970509 0.962963
373 0.069518715 0.962963
374 0.06933333 0.962963
375 0.069148935 0.962963
376 0.06896552 0.962963
377 0.06878307 0.962963
378 0.068601586 0.962963
379 0.06842105 0.962963
380 0.06824147 0.962963
381 0.06806283 0.962963
382 0.067885116 0.962963
383 0.067708336 0.962963
384 0.067532465 0.962963
385 0.06735751 0.962963
386 0.067183465 0.962963
387 0.067010306 0.962963
388 0.06683805 0.962963
389 0.06666667 0.962963
