0 1.0 0.037037037
1 0.5 0.037037037
2 0.6666667 0.074074075
3 0.75 0.11111111
4 0.6 0.11111111
5 0.6666667 0.14814815
6 0.71428573 0.18518518
7 0.625 0.18518518
8 0.6666667 0.22222222
9 0.7 0.25925925
10 0.6363636 0.25925925
11 0.5833333 0.25925925
12 0.53846157 0.25925925
13 0.5 0.25925925
14 0.53333336 0.2962963
15 0.5625 0.33333334
16 0.5294118 0.33333334
17 0.5 0.33333334
18 0.47368422 0.33333334
19 0.5 0.37037036
20 0.47619048 0.37037036
21 0.45454547 0.37037036
22 0.4347826 0.37037036
23 0.41666666 0.37037036
24 0.44 0.4074074
25 0.42307693 0.4074074
26 0.4074074 0.4074074
27 0.39285713 0.4074074
28 0.37931034 0.4074074
29 0.4 0.44444445
30 0.41935483 0.4814815
31 0.40625 0.4814815
32 0.3939394 0.4814815
33 0.38235295 0.4814815
34 0.37142858 0.4814815
35 0.3611111 0.4814815
36 0.35135135 0.4814815
37 0.36842105 0.5185185
38 0.35897437 0.5185185
39 0.35 0.5185185
40 0.34146342 0.5185185
41 0.33333334 0.5185185
42 0.3255814 0.5185185
43 0.3181818 0.5185185
44 0.33333334 0.5555556
45 0.32608697 0.5555556
46 0.31914893 0.5555556
47 0.3125 0.5555556
48 0.30612245 0.5555556
49 0.32 0.5925926
50 0.3137255 0.5925926
51 0.32692307 0.6296296
52 0.3207547 0.6296296
53 0.3148148 0.6296296
54 0.3090909 0.6296296
55 0.30357143 0.6296296
56 0.2982456 0.6296296
57 0.29310346 0.6296296
58 0.2881356 0.6296296
59 0.3 0.6666667
60 0.29508197 0.6666667
61 0.30645162 0.7037037
62 0.3015873 0.7037037
63 0.296875 0.7037037
64 0.30769232 0.7407407
65 0.3030303 0.7407407
66 0.29850745 0.7407407
67 0.29411766 0.7407407
68 0.3043478 0.7777778
69 0.3 0.7777778
70 0.29577464 0.7777778
71 0.29166666 0.7777778
72 0.28767124 0.7777778
73 0.2837838 0.7777778
74 0.29333332 0.8148148
75 0.28947368 0.8148148
76 0.2857143 0.8148148
77 0.2948718 0.8518519
78 0.29113925 0.8518519
79 0.2875 0.8518519
80 0.28395063 0.8518519
81 0.2804878 0.8518519
82 0.28915662 0.8888889
83 0.2857143 0.8888889
84 0.28235295 0.8888889
85 0.27906978 0.8888889
86 0.27586207 0.8888889
87 0.27272728 0.8888889
88 0.26966292 0.8888889
89 0.26666668 0.8888889
90 0.26373628 0.8888889
91 0.26086956 0.8888889
92 0.2580645 0.8888889
93 0.25531915 0.8888889
94 0.25263157 0.8888889
95 0.25 0.8888889
96 0.24742268 0.8888889
97 0.24489796 0.8888889
98 0.24242425 0.8888889
99 0.24 0.8888889
100 0.23762377 0.8888889
101 0.23529412 0.8888889
102 0.23300971 0.8888889
103 0.23076923 0.8888889
104 0.22857143 0.8888889
105 0.2264151 0.8888889
106 0.22429906 0.8888889
107 0.22222222 0.8888889
108 0.22018349 0.8888889
109 0.21818182 0.8888889
110 0.21621622 0.8888889
111 0.21428572 0.8888889
112 0.22123894 0.9259259
113 0.21929824 0.9259259
114 0.2173913 0.9259259
115 0.21551724 0.9259259
116 0.21367522 0.9259259
117 0.21186441 0.9259259
118 0.21008404 0.9259259
119 0.20833333 0.9259259
120 0.20661157 0.9259259
121 0.20491803 0.9259259
122 0.20325203 0.9259259
123 0.2016129 0.9259259
124 0.2 0.9259259
125 0.1984127 0.9259259
126 0.19685039 0.9259259
127 0.1953125 0.9259259
128 0.19379845 0.9259259
129 0.1923077 0.9259259
130 0.1908397 0.9259259
131 0.18939394 0.9259259
132 0.18796992 0.9259259
133 0.18656716 0.9259259
134 0.18518518 0.9259259
135 0.18382353 0.9259259
136 0.18248175 0.9259259
137 0.18115942 0.9259259
138 0.17985612 0.9259259
139 0.17857143 0.9259259
140 0.17730497 0.9259259
141 0.17605634 0.9259259
142 0.17482518 0.9259259
143 0.1736111 0.9259259
144 0.1724138 0.9259259
145 0.17123288 0.9259259
146 0.17006803 0.9259259
147 0.17567568 0.962963
148 0.17449665 0.962963
149 0.17333333 0.962963
150 0.17218544 0.962963
151 0.17105263 0.962963
152 0.16993465 0.962963
153 0.16883117 0.962963
154 0.16774194 0.962963
155 0.16666667 0.962963
156 0.1656051 0.962963
157 0.16455697 0.962963
158 0.16352202 0.962963
159 0.1625 0.962963
160 0.16149068 0.962963
161 0.16049382 0.962963
162 0.1595092 0.962963
163 0.15853658 0.962963
164 0.15757576 0.962963
165 0.15662651 0.962963
166 0.15568863 0.962963
167 0.15476191 0.962963
168 0.15384616 0.962963
169 0.15294118 0.962963
170 0.15204678 0.962963
171 0.15116279 0.962963
172 0.15028901 0.962963
173 0.14942528 0.962963
174 0.14857143 0.962963
175 0.14772727 0.962963
176 0.14689265 0.962963
177 0.14606741 0.962963
178 0.1452514 0.962963
179 0.14444445 0.962963
180 0.1436464 0.962963
181 0.14285715 0.962963
182 0.1420765 0.962963
183 0.14130434 0.962963
184 0.14054054 0.962963
185 0.13978495 0.962963
186 0.13903743 0.962963
187 0.13829787 0.962963
188 0.13756613 0.962963
189 0.1368421 0.962963
190 0.13612565 0.962963
191 0.13541667 0.962963
192 0.13471502 0.962963
193 0.13402061 0.962963
194 0.13333334 0.962963
195 0.13265306 0.962963
196 0.13197969 0.962963
197 0.13131313 0.962963
198 0.13065326 0.962963
199 0.13 0.962963
200 0.12935324 0.962963
201 0.12871288 0.962963
202 0.12807882 0.962963
203 0.12745099 0.962963
204 0.12682927 0.962963
205 0.1262136 0.962963
206 0.12560387 0.962963
207 0.125 0.962963
208 0.12440191 0.962963
209 0.123809524 0.962963
210 0.123222746 0.962963
211 0.12264151 0.962963
212 0.12206573 0.962963
213 0.12149533 0.962963
214 0.12093023 0.962963
215 0.12037037 0.962963
216 0.11981567 0.962963
217 0.119266056 0.962963
218 0.11872146 0.962963
219 0.11818182 0.962963
220 0.11764706 0.962963
221 0.117117114 0.962963
222 0.11659193 0.962963
223 0.116071425 0.962963
224 0.115555555 0.962963
225 0.11504425 0.962963
226 0.11453745 0.962963
227 0.114035085 0.962963
228 0.11353712 0.962963
229 0.11304348 0.962963
230 0.11255411 0.962963
231 0.112068966 0.962963
232 0.11158799 0.962963
233 0.11111111 0.962963
234 0.1106383 0.962963
235 0.11016949 0.962963
236 0.10970464 0.962963
237 0.1092437 0.962963
238 0.10878661 0.962963
239 0.108333334 0.962963
240 0.10788382 0.962963
241 0.10743801 0.962963
242 0.10699589 0.962963
243 0.10655738 0.962963
244 0.10612245 0.962963
245 0.10569106 0.962963
246 0.10526316 0.962963
247 0.10483871 0.962963
248 0.104417674 0.962963
249 0.104 0.962963
250 0.10358566 0.962963
251 0.103174604 0.962963
252 0.1027668 0.962963
253 0.10236221 0.962963
254 0.101960786 0.962963
255 0.1015625 0.962963
256 0.101167314 0.962963
257 0.1007752 0.962963
258 0.1003861 0.962963
259 0.1 0.962963
260 0.099616855 0.962963
261 0.099236645 0.962963
262 0.09885932 0.962963
263 0.09848485 0.962963
264 0.09811321 0.962963
265 0.09774436 0.962963
266 0.09737828 0.962963
267 0.09701493 0.962963
268 0.09665427 0.962963
269 0.096296296 0.962963
270 0.09594096 0.962963
271 0.09558824 0.962963
272 0.0952381 0.962963
273 0.09489051 0.962963
274 0.094545454 0.962963
275 0.0942029 0.962963
276 0.09386282 0.962963
277 0.09352518 0.962963
278 0.09318996 0.962963
279 0.092857145 0.962963
280 0.09252669 0.962963
281 0.09219858 0.962963
282 0.09187279 0.962963
283 0.09154929 0.962963
284 0.09122807 0.962963
285 0.09090909 0.962963
286 0.09059233 0.962963
287 0.090277776 0.962963
288 0.089965396 0.962963
289 0.089655176 0.962963
290 0.08934708 0.962963
291 0.0890411 0.962963
292 0.088737205 0.962963
293 0.088435374 0.962963
294 0.08813559 0.962963
295 0.08783784 0.962963
296 0.08754209 0.962963
297 0.087248325 0.962963
298 0.08695652 0.962963
299 0.086666666 0.962963
300 0.08637874 0.962963
301 0.08609272 0.962963
302 0.08580858 0.962963
303 0.08552632 0.962963
304 0.0852459 0.962963
305 0.08496732 0.962963
306 0.084690556 0.962963
307 0.084415585 0.962963
308 0.084142394 0.962963
309 0.08387097 0.962963
310 0.08360129 0.962963
311 0.083333336 0.962963
312 0.08306709 0.962963
313 0.08280255 0.962963
314 0.082539685 0.962963
315 0.08227848 0.962963
316 0.08201893 0.962963
317 0.08176101 0.962963
318 0.0815047 0.962963
319 0.08125 0.962963
320 0.080996886 0.962963
321 0.08074534 0.962963
322 0.08049536 0.962963
323 0.08024691 0.962963
324 0.08 0.962963
325 0.0797546 0.962963
326 0.0795107 0.962963
327 0.07926829 0.962963
328 0.079027355 0.962963
329 0.07878788 0.962963
330 0.07854985 0.962963
331 0.078313254 0.962963
332 0.078078076 0.962963
333 0.077844314 0.962963
334 0.07761194 0.962963
335 0.077380955 0.962963
336 0.077151336 0.962963
337 0.07692308 0.962963
338 0.076696165 0.962963
339 0.07647059 0.962963
340 0.076246336 0.962963
341 0.07602339 0.962963
342 0.07580175 0.962963
343 0.075581394 0.962963
344 0.07536232 0.962963
345 0.07514451 0.962963
346 0.074927956 0.962963
347 0.07471264 0.962963
348 0.074498564 0.962963
349 0.074285716 0.962963
