0 1.0 0.045454547
1 0.5 0.045454547
2 0.33333334 0.045454547
3 0.25 0.045454547
4 0.2 0.045454547
5 0.33333334 0.09090909
6 0.2857143 0.09090909
7 0.375 0.13636364
8 0.33333334 0.13636364
9 0.4 0.18181819
10 0.36363637 0.18181819
11 0.33333334 0.18181819
12 0.30769232 0.18181819
13 0.35714287 0.22727273
14 0.33333334 0.22727273
15 0.375 0.27272728
16 0.3529412 0.27272728
17 0.3888889 0.3181818
18 0.42105263 0.36363637
19 0.4 0.36363637
20 0.42857143 0.4090909
21 0.4090909 0.4090909
22 0.39130434 0.4090909
23 0.375 0.4090909
24 0.36 0.4090909
25 0.34615386 0.4090909
26 0.33333334 0.4090909
27 0.32142857 0.4090909
28 0.31034482 0.4090909
29 0.3 0.4090909
30 0.29032257 0.4090909
31 0.28125 0.4090909
32 0.27272728 0.4090909
33 0.2647059 0.4090909
34 0.25714287 0.4090909
35 0.2777778 0.45454547
36 0.27027026 0.45454547
37 0.2631579 0.45454547
38 0.25641027 0.45454547
39 0.25 0.45454547
40 0.24390244 0.45454547
41 0.23809524 0.45454547
42 0.23255815 0.45454547
43 0.25 0.5
44 0.24444444 0.5
45 0.23913044 0.5
46 0.23404256 0.5
47 0.22916667 0.5
48 0.2244898 0.5
49 0.22 0.5
50 0.21568628 0.5
51 0.23076923 0.54545456
52 0.2264151 0.54545456
53 0.22222222 0.54545456
54 0.21818182 0.54545456
55 0.21428572 0.54545456
56 0.21052632 0.54545456
57 0.20689656 0.54545456
58 0.22033899 0.59090906
59 0.21666667 0.59090906
60 0.21311475 0.59090906
61 0.20967741 0.59090906
62 0.20634921 0.59090906
63 0.203125 0.59090906
64 0.2 0.59090906
65 0.1969697 0.59090906
66 0.19402985 0.59090906
67 0.20588236 0.6363636
68 0.20289855 0.6363636
69 0.2 0.6363636
70 0.1971831 0.6363636
71 0.19444445 0.6363636
72 0.20547946 0.6818182
73 0.2027027 0.6818182
74 0.2 0.6818182
75 0.19736843 0.6818182
76 0.20779221 0.72727275
77 0.20512821 0.72727275
78 0.20253165 0.72727275
79 0.2 0.72727275
80 0.19753087 0.72727275
81 0.19512194 0.72727275
82 0.19277108 0.72727275
83 0.1904762 0.72727275
84 0.1882353 0.72727275
85 0.18604651 0.72727275
86 0.18390805 0.72727275
87 0.18181819 0.72727275
88 0.17977528 0.72727275
89 0.17777778 0.72727275
90 0.17582418 0.72727275
91 0.17391305 0.72727275
92 0.17204301 0.72727275
93 0.17021276 0.72727275
94 0.16842106 0.72727275
95 0.16666667 0.72727275
96 0.17525773 0.77272725
97 0.1734694 0.77272725
98 0.17171717 0.77272725
99 0.17 0.77272725
100 0.16831683 0.77272725
101 0.16666667 0.77272725
102 0.16504854 0.77272725
103 0.16346154 0.77272725
104 0.16190477 0.77272725
105 0.16037735 0.77272725
106 0.1588785 0.77272725
107 0.1574074 0.77272725
108 0.1559633 0.77272725
109 0.15454546 0.77272725
110 0.15315315 0.77272725
111 0.15178572 0.77272725
112 0.15044248 0.77272725
113 0.1491228 0.77272725
114 0.14782609 0.77272725
115 0.14655173 0.77272725
116 0.14529915 0.77272725
117 0.15254237 0.8181818
118 0.15126051 0.8181818
119 0.15 0.8181818
120 0.14876033 0.8181818
121 0.14754099 0.8181818
122 0.14634146 0.8181818
123 0.14516129 0.8181818
124 0.144 0.8181818
125 0.14285715 0.8181818
126 0.14173229 0.8181818
127 0.140625 0.8181818
128 0.13953489 0.8181818
129 0.13846155 0.8181818
130 0.13740458 0.8181818
131 0.13636364 0.8181818
132 0.13533835 0.8181818
133 0.13432837 0.8181818
134 0.13333334 0.8181818
135 0.13235295 0.8181818
136 0.13138686 0.8181818
137 0.13043478 0.8181818
138 0.1294964 0.8181818
139 0.12857144 0.8181818
140 0.12765957 0.8181818
141 0.12676056 0.8181818
142 0.12587413 0.8181818
143 0.125 0.8181818
144 0.12413793 0.8181818
145 0.12328767 0.8181818
146 0.12244898 0.8181818
147 0.12162162 0.8181818
148 0.12080537 0.8181818
149 0.12 0.8181818
150 0.119205296 0.8181818
151 0.118421055 0.8181818
152 0.11764706 0.8181818
153 0.116883114 0.8181818
154 0.11612903 0.8181818
155 0.115384616 0.8181818
156 0.11464968 0.8181818
157 0.11392405 0.8181818
158 0.11320755 0.8181818
159 0.1125 0.8181818
160 0.111801244 0.8181818
161 0.11111111 0.8181818
162 0.11042945 0.8181818
163 0.1097561 0.8181818
164 0.10909091 0.8181818
165 0.10843374 0.8181818
166 0.10778443 0.8181818
167 0.10714286 0.8181818
168 0.10650887 0.8181818
169 0.105882354 0.8181818
170 0.10526316 0.8181818
171 0.10465116 0.8181818
172 0.10404624 0.8181818
173 0.10344828 0.8181818
174 0.10285714 0.8181818
175 0.10227273 0.8181818
176 0.10169491 0.8181818
177 0.101123594 0.8181818
178 0.10055866 0.8181818
179 0.1 0.8181818
180 0.09944751 0.8181818
181 0.104395606 0.8636364
182 0.10382514 0.8636364
183 0.10326087 0.8636364
184 0.1027027 0.8636364
185 0.10215054 0.8636364
186 0.101604275 0.8636364
187 0.10106383 0.8636364
188 0.1005291 0.8636364
189 0.1 0.8636364
190 0.09947644 0.8636364
191 0.098958336 0.8636364
192 0.098445594 0.8636364
193 0.09793814 0.8636364
194 0.0974359 0.8636364
195 0.096938774 0.8636364
196 0.0964467 0.8636364
197 0.0959596 0.8636364
198 0.09547739 0.8636364
199 0.095 0.8636364
200 0.094527364 0.8636364
201 0.09405941 0.8636364
202 0.093596056 0.8636364
203 0.09313726 0.8636364
204 0.09268293 0.8636364
205 0.09223301 0.8636364
206 0.09178744 0.8636364
207 0.09134615 0.8636364
208 0.09090909 0.8636364
209 0.09047619 0.8636364
210 0.09478673 0.90909094
211 0.094339624 0.90909094
212 0.09389672 0.90909094
213 0.093457945 0.90909094
214 0.093023255 0.90909094
215 0.09259259 0.90909094
216 0.0921659 0.90909094
217 0.09174312 0.90909094
218 0.0913242 0.90909094
219 0.09090909 0.90909094
220 0.09049774 0.90909094
221 0.09009009 0.90909094
222 0.089686096 0.90909094
223 0.08928572 0.90909094
224 0.08888889 0.90909094
225 0.088495575 0.90909094
226 0.08810572 0.90909094
227 0.0877193 0.90909094
228 0.08733624 0.90909094
229 0.08695652 0.90909094
230 0.08658009 0.90909094
231 0.0862069 0.90909094
232 0.08583691 0.90909094
233 0.08547009 0.90909094
234 0.08510638 0.90909094
235 0.084745765 0.90909094
236 0.08438819 0.90909094
237 0.084033616 0.90909094
238 0.08368201 0.90909094
239 0.083333336 0.90909094
240 0.082987554 0.90909094
241 0.08264463 0.90909094
242 0.08230453 0.90909094
243 0.08196721 0.90909094
244 0.08163265 0.90909094
245 0.08130081 0.90909094
246 0.08097166 0.90909094
247 0.08064516 0.90909094
248 0.08032128 0.90909094
249 0.08 0.90909094
250 0.07968128 0.90909094
251 0.07936508 0.90909094
252 0.07905138 0.90909094
253 0.07874016 0.90909094
254 0.078431375 0.90909094
255 0.078125 0.90909094
256 0.07782101 0.90909094
257 0.07751938 0.90909094
258 0.077220075 0.90909094
259 0.07692308 0.90909094
260 0.07662835 0.90909094
261 0.07633588 0.90909094
262 0.076045625 0.90909094
263 0.07575758 0.90909094
264 0.0754717 0.90909094
265 0.075187966 0.90909094
266 0.074906364 0.90909094
267 0.07462686 0.90909094
268 0.07434944 0.90909094
269 0.074074075 0.90909094
270 0.073800735 0.90909094
271 0.073529415 0.90909094
272 0.07326008 0.90909094
273 0.0729927 0.90909094
274 0.07272727 0.90909094
275 0.072463766 0.90909094
276 0.07220217 0.90909094
277 0.07194245 0.90909094
278 0.07168459 0.90909094
279 0.071428575 0.90909094
280 0.071174376 0.90909094
281 0.07092199 0.90909094
282 0.07067138 0.90909094
283 0.07042254 0.90909094
284 0.07017544 0.90909094
285 0.06993007 0.90909094
286 0.06968641 0.90909094
287 0.06944445 0.90909094
288 0.06920415 0.90909094
289 0.06896552 0.90909094
290 0.06872852 0.90909094
291 0.06849315 0.90909094
292 0.06825939 0.90909094
293 0.06802721 0.90909094
294 0.06779661 0.90909094
295 0.067567565 0.90909094
296 0.06734007 0.90909094
297 0.06711409 0.90909094
298 0.06688963 0.90909094
299 0.06666667 0.90909094
300 0.06644518 0.90909094
301 0.06622516 0.90909094
302 0.0660066 0.90909094
303 0.065789476 0.90909094
304 0.06557377 0.90909094
305 0.06535948 0.90909094
306 0.06514658 0.90909094
307 0.064935066 0.90909094
308 0.06472492 0.90909094
309 0.06451613 0.90909094
310 0.06430868 0.90909094
311 0.06410257 0.90909094
312 0.063897766 0.90909094
313 0.06369427 0.90909094
314 0.06349207 0.90909094
315 0.06329114 0.90909094
316 0.06309148 0.90909094
317 0.062893085 0.90909094
318 0.06269593 0.90909094
319 0.0625 0.90909094
320 0.062305298 0.90909094
321 0.062111802 0.90909094
322 0.061919503 0.90909094
323 0.061728396 0.90909094
324 0.06153846 0.90909094
325 0.061349694 0.90909094
326 0.06116208 0.90909094
327 0.06097561 0.90909094
328 0.060790274 0.90909094
329 0.060606062 0.90909094
330 0.06042296 0.90909094
331 0.060240965 0.90909094
332 0.06006006 0.90909094
333 0.059880238 0.90909094
334 0.05970149 0.90909094
335 0.05952381 0.90909094
336 0.059347183 0.90909094
337 0.0591716 0.90909094
338 0.05899705 0.90909094
339 0.05882353 0.90909094
340 0.058651026 0.90909094
341 0.058479533 0.90909094
342 0.058309037 0.90909094
343 0.058139537 0.90909094
344 0.057971016 0.90909094
345 0.057803467 0.90909094
346 0.057636887 0.90909094
347 0.057471264 0.90909094
348 0.05730659 0.90909094
349 0.057142857 0.90909094
350 0.05698006 0.90909094
351 0.056818184 0.90909094
352 0.056657225 0.90909094
353 0.056497175 0.90909094
354 0.056338027 0.90909094
355 0.056179777 0.90909094
356 0.05602241 0.90909094
357 0.05586592 0.90909094
358 0.05571031 0.90909094
359 0.055555556 0.90909094
360 0.05540166 0.90909094
361 0.055248618 0.90909094
362 0.055096418 0.90909094
363 0.054945055 0.90909094
364 0.05479452 0.90909094
365 0.05464481 0.90909094
366 0.054495912 0.90909094
367 0.054347824 0.90909094
368 0.05420054 0.90909094
369 0.054054055 0.90909094
370 0.053908356 0.90909094
371 0.05376344 0.90909094
372 0.053619303 0.90909094
373 0.053475935 0.90909094
374 0.053333335 0.90909094
375 0.05319149 0.90909094
376 0.0530504 0.90909094
377 0.052910052 0.90909094
378 0.052770447 0.90909094
379 0.05263158 0.90909094
380 0.052493438 0.90909094
381 0.05235602 0.90909094
382 0.05221932 0.90909094
383 0.052083332 0.90909094
384 0.051948052 0.90909094
385 0.051813472 0.90909094
386 0.051679585 0.90909094
387 0.05154639 0.90909094
388 0.051413883 0.90909094
389 0.051282052 0.90909094
390 0.051150896 0.90909094
391 0.05102041 0.90909094
392 0.050890584 0.90909094
393 0.05076142 0.90909094
394 0.050632913 0.90909094
395 0.05050505 0.90909094
396 0.050377835 0.90909094
397 0.050251257 0.90909094
398 0.050125312 0.90909094
399 0.05 0.90909094
400 0.04987531 0.90909094
401 0.049751244 0.90909094
402 0.049627792 0.90909094
403 0.04950495 0.90909094
404 0.049382716 0.90909094
405 0.049261082 0.90909094
406 0.049140047 0.90909094
407 0.04901961 0.90909094
408 0.048899755 0.90909094
409 0.048780486 0.90909094
410 0.048661802 0.90909094
411 0.048543688 0.90909094
412 0.04842615 0.90909094
413 0.048309177 0.90909094
414 0.04819277 0.90909094
415 0.048076924 0.90909094
416 0.04796163 0.90909094
417 0.04784689 0.90909094
418 0.047732696 0.90909094
419 0.04761905 0.90909094
420 0.047505938 0.90909094
421 0.047393367 0.90909094
422 0.047281325 0.90909094
423 0.047169812 0.90909094
424 0.047058824 0.90909094
425 0.04694836 0.90909094
426 0.046838406 0.90909094
427 0.046728972 0.90909094
428 0.046620045 0.90909094
429 0.046511628 0.90909094
430 0.046403714 0.90909094
431 0.046296295 0.90909094
432 0.046189375 0.90909094
433 0.04608295 0.90909094
434 0.04597701 0.90909094
435 0.04587156 0.90909094
436 0.045766592 0.90909094
437 0.0456621 0.90909094
438 0.045558088 0.90909094
439 0.045454547 0.90909094
440 0.045351475 0.90909094
441 0.04524887 0.90909094
442 0.045146726 0.90909094
443 0.045045044 0.90909094
444 0.04494382 0.90909094
445 0.044843048 0.90909094
446 0.04474273 0.90909094
447 0.04464286 0.90909094
448 0.04454343 0.90909094
449 0.044444446 0.90909094
450 0.044345897 0.90909094
