0 1.0 0.037037037
1 0.5 0.037037037
2 0.33333334 0.037037037
3 0.5 0.074074075
4 0.6 0.11111111
5 0.6666667 0.14814815
6 0.5714286 0.14814815
7 0.625 0.18518518
8 0.5555556 0.18518518
9 0.6 0.22222222
10 0.6363636 0.25925925
11 0.5833333 0.25925925
12 0.53846157 0.25925925
13 0.5 0.25925925
14 0.46666667 0.25925925
15 0.4375 0.25925925
16 0.4117647 0.25925925
17 0.3888889 0.25925925
18 0.42105263 0.2962963
19 0.4 0.2962963
20 0.3809524 0.2962963
21 0.4090909 0.33333334
22 0.39130434 0.33333334
23 0.375 0.33333334
24 0.36 0.33333334
25 0.34615386 0.33333334
26 0.33333334 0.33333334
27 0.32142857 0.33333334
28 0.31034482 0.33333334
29 0.33333334 0.37037036
30 0.3548387 0.4074074
31 0.34375 0.4074074
32 0.33333334 0.4074074
33 0.32352942 0.4074074
34 0.31428573 0.4074074
35 0.33333334 0.44444445
36 0.3243243 0.44444445
37 0.31578946 0.44444445
38 0.30769232 0.44444445
39 0.325 0.4814815
40 0.31707317 0.4814815
41 0.30952382 0.4814815
42 0.30232558 0.4814815
43 0.3181818 0.5185185
44 0.31111112 0.5185185
45 0.3043478 0.5185185
46 0.29787233 0.5185185
47 0.29166666 0.5185185
48 0.2857143 0.5185185
49 0.28 0.5185185
50 0.27450982 0.5185185
51 0.26923078 0.5185185
52 0.26415095 0.5185185
53 0.25925925 0.5185185
54 0.25454545 0.5185185
55 0.25 0.5185185
56 0.24561404 0.5185185
57 0.25862068 0.5555556
58 0.2542373 0.5555556
59 0.25 0.5555556
60 0.24590164 0.5555556
61 0.24193548 0.5555556
62 0.25396827 0.5925926
63 0.25 0.5925926
64 0.24615385 0.5925926
65 0.25757575 0.6296296
66 0.25373134 0.6296296
67 0.2647059 0.6666667
68 0.26086956 0.6666667
69 0.25714287 0.6666667
70 0.2535211 0.6666667
71 0.25 0.6666667
72 0.24657534 0.6666667
73 0.24324325 0.6666667
74 0.24 0.6666667
75 0.23684211 0.6666667
76 0.23376623 0.6666667
77 0.23076923 0.6666667
78 0.2278481 0.6666667
79 0.225 0.6666667
80 0.22222222 0.6666667
81 0.2195122 0.6666667
82 0.21686748 0.6666667
83 0.21428572 0.6666667
84 0.21176471 0.6666667
85 0.20930232 0.6666667
86 0.20689656 0.6666667
87 0.20454545 0.6666667
88 0.20224719 0.6666667
89 0.2 0.6666667
90 0.1978022 0.6666667
91 0.19565217 0.6666667
92 0.19354838 0.6666667
93 0.19148937 0.6666667
94 0.18947369 0.6666667
95 0.1875 0.6666667
96 0.185567 0.6666667
97 0.18367347 0.6666667
98 0.18181819 0.6666667
99 0.18 0.6666667
100 0.17821783 0.6666667
101 0.1764706 0.6666667
102 0.17475729 0.6666667
103 0.17307693 0.6666667
104 0.17142858 0.6666667
105 0.16981132 0.6666667
106 0.1682243 0.6666667
107 0.16666667 0.6666667
108 0.16513762 0.6666667
109 0.16363636 0.6666667
110 0.16216215 0.6666667
111 0.16071428 0.6666667
112 0.15929204 0.6666667
113 0.15789473 0.6666667
114 0.15652174 0.6666667
115 0.15517241 0.6666667
116 0.15384616 0.6666667
117 0.15254237 0.6666667
118 0.15126051 0.6666667
119 0.15 0.6666667
120 0.14876033 0.6666667
121 0.14754099 0.6666667
122 0.14634146 0.6666667
123 0.14516129 0.6666667
124 0.144 0.6666667
125 0.14285715 0.6666667
126 0.14173229 0.6666667
127 0.140625 0.6666667
128 0.13953489 0.6666667
129 0.13846155 0.6666667
130 0.13740458 0.6666667
131 0.13636364 0.6666667
132 0.13533835 0.6666667
133 0.14179105 0.7037037
134 0.14074074 0.7037037
135 0.13970588 0.7037037
136 0.13868614 0.7037037
137 0.13768116 0.7037037
138 0.13669065 0.7037037
139 0.13571429 0.7037037
140 0.14184397 0.7407407
141 0.14084508 0.7407407
142 0.13986014 0.7407407
143 0.1388889 0.7407407
144 0.14482759 0.7777778
145 0.14383562 0.7777778
146 0.14285715 0.7777778
147 0.1418919 0.7777778
148 0.147651 0.8148148
149 0.14666666 0.8148148
150 0.14569536 0.8148148
151 0.1513158 0.8518519
152 0.1503268 0.8518519
153 0.14935064 0.8518519
154 0.14838709 0.8518519
155 0.1474359 0.8518519
156 0.14649682 0.8518519
157 0.15189873 0.8888889
158 0.1509434 0.8888889
159 0.15625 0.9259259
160 0.1552795 0.9259259
161 0.15432099 0.9259259
162 0.15337424 0.9259259
163 0.15243903 0.9259259
164 0.15151516 0.9259259
165 0.15060242 0.9259259
166 0.1497006 0.9259259
167 0.14880952 0.9259259
168 0.147929 0.9259259
169 0.14705883 0.9259259
170 0.14619882 0.9259259
171 0.14534883 0.9259259
172 0.14450867 0.9259259
173 0.14367816 0.9259259
174 0.14285715 0.9259259
175 0.14204545 0.9259259
176 0.14124294 0.9259259
177 0.14606741 0.962963
178 0.1452514 0.962963
179 0.14444445 0.962963
180 0.1436464 0.962963
181 0.14285715 0.962963
182 0.1420765 0.962963
183 0.14130434 0.962963
184 0.14054054 0.962963
185 0.13978495 0.962963
186 0.13903743 0.962963
187 0.13829787 0.962963
188 0.13756613 0.962963
189 0.1368421 0.962963
190 0.13612565 0.962963
191 0.13541667 0.962963
192 0.13471502 0.962963
193 0.13402061 0.962963
194 0.13333334 0.962963
195 0.13265306 0.962963
196 0.13197969 0.962963
197 0.13131313 0.962963
198 0.13065326 0.962963
199 0.13 0.962963
200 0.12935324 0.962963
201 0.12871288 0.962963
202 0.12807882 0.962963
203 0.12745099 0.962963
204 0.12682927 0.962963
205 0.1262136 0.962963
206 0.12560387 0.962963
207 0.125 0.962963
208 0.12440191 0.962963
209 0.123809524 0.962963
210 0.123222746 0.962963
211 0.12264151 0.962963
212 0.12206573 0.962963
213 0.12149533 0.962963
214 0.12093023 0.962963
215 0.12037037 0.962963
216 0.11981567 0.962963
217 0.119266056 0.962963
218 0.11872146 0.962963
219 0.11818182 0.962963
220 0.11764706 0.962963
221 0.117117114 0.962963
222 0.11659193 0.962963
223 0.116071425 0.962963
224 0.115555555 0.962963
225 0.11504425 0.962963
226 0.11453745 0.962963
227 0.114035085 0.962963
228 0.11353712 0.962963
229 0.11304348 0.962963
230 0.11255411 0.962963
231 0.112068966 0.962963
232 0.11158799 0.962963
233 0.11111111 0.962963
234 0.1106383 0.962963
235 0.11016949 0.962963
236 0.10970464 0.962963
237 0.1092437 0.962963
238 0.10878661 0.962963
239 0.108333334 0.962963
240 0.10788382 0.962963
241 0.10743801 0.962963
242 0.10699589 0.962963
243 0.10655738 0.962963
244 0.10612245 0.962963
245 0.10569106 0.962963
246 0.10526316 0.962963
247 0.10483871 0.962963
248 0.104417674 0.962963
249 0.104 0.962963
250 0.10358566 0.962963
251 0.103174604 0.962963
252 0.1027668 0.962963
253 0.10236221 0.962963
254 0.101960786 0.962963
255 0.1015625 0.962963
256 0.101167314 0.962963
257 0.1007752 0.962963
258 0.1003861 0.962963
259 0.1 0.962963
260 0.099616855 0.962963
261 0.099236645 0.962963
262 0.09885932 0.962963
263 0.09848485 0.962963
264 0.09811321 0.962963
265 0.09774436 0.962963
266 0.09737828 0.962963
267 0.09701493 0.962963
268 0.09665427 0.962963
269 0.096296296 0.962963
270 0.09594096 0.962963
271 0.09558824 0.962963
272 0.0952381 0.962963
273 0.09489051 0.962963
274 0.094545454 0.962963
275 0.0942029 0.962963
276 0.09386282 0.962963
277 0.09352518 0.962963
278 0.09318996 0.962963
279 0.092857145 0.962963
280 0.09252669 0.962963
281 0.09219858 0.962963
282 0.09187279 0.962963
283 0.09154929 0.962963
284 0.09122807 0.962963
285 0.09090909 0.962963
286 0.09059233 0.962963
287 0.090277776 0.962963
288 0.089965396 0.962963
289 0.089655176 0.962963
290 0.08934708 0.962963
291 0.0890411 0.962963
292 0.088737205 0.962963
293 0.088435374 0.962963
294 0.08813559 0.962963
295 0.08783784 0.962963
296 0.08754209 0.962963
297 0.087248325 0.962963
298 0.08695652 0.962963
299 0.086666666 0.962963
300 0.08637874 0.962963
301 0.08609272 0.962963
302 0.08580858 0.962963
303 0.08552632 0.962963
304 0.0852459 0.962963
305 0.08496732 0.962963
306 0.084690556 0.962963
307 0.084415585 0.962963
308 0.084142394 0.962963
309 0.08387097 0.962963
310 0.08360129 0.962963
311 0.083333336 0.962963
312 0.08306709 0.962963
313 0.08280255 0.962963
314 0.082539685 0.962963
315 0.08227848 0.962963
316 0.08201893 0.962963
317 0.08176101 0.962963
318 0.0815047 0.962963
319 0.08125 0.962963
320 0.080996886 0.962963
321 0.08074534 0.962963
322 0.08049536 0.962963
323 0.08024691 0.962963
324 0.08 0.962963
325 0.0797546 0.962963
326 0.0795107 0.962963
327 0.07926829 0.962963
328 0.079027355 0.962963
329 0.07878788 0.962963
330 0.07854985 0.962963
331 0.078313254 0.962963
332 0.078078076 0.962963
333 0.077844314 0.962963
334 0.07761194 0.962963
335 0.077380955 0.962963
336 0.077151336 0.962963
337 0.07692308 0.962963
338 0.076696165 0.962963
339 0.07647059 0.962963
340 0.076246336 0.962963
341 0.07602339 0.962963
342 0.07580175 0.962963
343 0.075581394 0.962963
344 0.07536232 0.962963
345 0.07514451 0.962963
346 0.074927956 0.962963
347 0.07471264 0.962963
348 0.074498564 0.962963
349 0.074285716 0.962963
