0 0.0 0.0
1 0.0 0.0
2 0.0 0.0
3 0.0 0.0
4 0.0 0.0
5 0.0 0.0
6 0.14285715 0.045454547
7 0.125 0.045454547
8 0.22222222 0.09090909
9 0.2 0.09090909
10 0.27272728 0.13636364
11 0.33333334 0.18181819
12 0.30769232 0.18181819
13 0.2857143 0.18181819
14 0.26666668 0.18181819
15 0.25 0.18181819
16 0.23529412 0.18181819
17 0.2777778 0.22727273
18 0.2631579 0.22727273
19 0.25 0.22727273
20 0.23809524 0.22727273
21 0.22727273 0.22727273
22 0.2173913 0.22727273
23 0.20833333 0.22727273
24 0.2 0.22727273
25 0.1923077 0.22727273
26 0.18518518 0.22727273
27 0.17857143 0.22727273
28 0.1724138 0.22727273
29 0.16666667 0.22727273
30 0.16129032 0.22727273
31 0.15625 0.22727273
32 0.15151516 0.22727273
33 0.14705883 0.22727273
34 0.14285715 0.22727273
35 0.1388889 0.22727273
36 0.13513513 0.22727273
37 0.15789473 0.27272728
38 0.15384616 0.27272728
39 0.15 0.27272728
40 0.14634146 0.27272728
41 0.14285715 0.27272728
42 0.13953489 0.27272728
43 0.13636364 0.27272728
44 0.13333334 0.27272728
