0 0.0 0.0
1 0.0 0.0
2 0.33333334 0.037037037
3 0.5 0.074074075
4 0.4 0.074074075
5 0.5 0.11111111
6 0.5714286 0.14814815
7 0.5 0.14814815
8 0.5555556 0.18518518
9 0.5 0.18518518
10 0.45454547 0.18518518
11 0.41666666 0.18518518
12 0.3846154 0.18518518
13 0.35714287 0.18518518
14 0.4 0.22222222
15 0.375 0.22222222
16 0.4117647 0.25925925
17 0.3888889 0.25925925
18 0.42105263 0.2962963
19 0.4 0.2962963
20 0.3809524 0.2962963
21 0.36363637 0.2962963
22 0.3478261 0.2962963
23 0.33333334 0.2962963
24 0.36 0.33333334
25 0.34615386 0.33333334
26 0.33333334 0.33333334
27 0.35714287 0.37037036
28 0.3448276 0.37037036
29 0.33333334 0.37037036
30 0.32258064 0.37037036
31 0.3125 0.37037036
32 0.3030303 0.37037036
33 0.29411766 0.37037036
34 0.2857143 0.37037036
35 0.2777778 0.37037036
36 0.2972973 0.4074074
37 0.28947368 0.4074074
38 0.2820513 0.4074074
39 0.275 0.4074074
40 0.2682927 0.4074074
41 0.2857143 0.44444445
42 0.27906978 0.44444445
43 0.27272728 0.44444445
44 0.26666668 0.44444445
45 0.26086956 0.44444445
46 0.25531915 0.44444445
47 0.25 0.44444445
48 0.24489796 0.44444445
49 0.24 0.44444445
50 0.25490198 0.4814815
51 0.25 0.4814815
52 0.24528302 0.4814815
53 0.24074075 0.4814815
54 0.23636363 0.4814815
55 0.23214285 0.4814815
56 0.22807017 0.4814815
57 0.22413793 0.4814815
58 0.23728813 0.5185185
59 0.25 0.5555556
60 0.24590164 0.5555556
61 0.24193548 0.5555556
62 0.25396827 0.5925926
63 0.25 0.5925926
64 0.24615385 0.5925926
65 0.24242425 0.5925926
66 0.25373134 0.6296296
67 0.25 0.6296296
68 0.24637681 0.6296296
69 0.24285714 0.6296296
70 0.23943663 0.6296296
71 0.25 0.6666667
72 0.24657534 0.6666667
73 0.24324325 0.6666667
74 0.24 0.6666667
75 0.25 0.7037037
76 0.24675325 0.7037037
77 0.24358974 0.7037037
78 0.24050634 0.7037037
79 0.2375 0.7037037
80 0.2345679 0.7037037
81 0.23170732 0.7037037
82 0.22891566 0.7037037
83 0.22619048 0.7037037
84 0.22352941 0.7037037
85 0.22093023 0.7037037
86 0.22988506 0.7407407
87 0.22727273 0.7407407
88 0.2247191 0.7407407
89 0.22222222 0.7407407
90 0.21978022 0.7407407
91 0.22826087 0.7777778
92 0.22580644 0.7777778
93 0.23404256 0.8148148
94 0.23157895 0.8148148
95 0.22916667 0.8148148
96 0.22680412 0.8148148
97 0.2244898 0.8148148
98 0.22222222 0.8148148
99 0.22 0.8148148
100 0.21782178 0.8148148
101 0.21568628 0.8148148
102 0.21359223 0.8148148
103 0.21153846 0.8148148
104 0.20952381 0.8148148
105 0.20754717 0.8148148
106 0.20560747 0.8148148
107 0.2037037 0.8148148
108 0.20183486 0.8148148
109 0.2 0.8148148
110 0.1981982 0.8148148
111 0.19642857 0.8148148
112 0.19469027 0.8148148
113 0.19298245 0.8148148
114 0.19130434 0.8148148
115 0.18965517 0.8148148
116 0.18803419 0.8148148
117 0.18644068 0.8148148
118 0.18487395 0.8148148
119 0.18333334 0.8148148
120 0.18181819 0.8148148
121 0.18032786 0.8148148
122 0.17886178 0.8148148
123 0.17741935 0.8148148
124 0.176 0.8148148
125 0.17460318 0.8148148
126 0.17322835 0.8148148
127 0.171875 0.8148148
128 0.17054264 0.8148148
129 0.16923077 0.8148148
130 0.16793893 0.8148148
131 0.16666667 0.8148148
132 0.16541353 0.8148148
133 0.1641791 0.8148148
134 0.16296296 0.8148148
135 0.16176471 0.8148148
136 0.16058394 0.8148148
137 0.1594203 0.8148148
138 0.15827338 0.8148148
139 0.15714286 0.8148148
140 0.15602838 0.8148148
141 0.15492958 0.8148148
142 0.15384616 0.8148148
143 0.15277778 0.8148148
144 0.15172414 0.8148148
145 0.15068494 0.8148148
146 0.14965986 0.8148148
147 0.14864865 0.8148148
148 0.147651 0.8148148
149 0.14666666 0.8148148
150 0.14569536 0.8148148
151 0.14473684 0.8148148
152 0.14379086 0.8148148
153 0.14285715 0.8148148
154 0.14193548 0.8148148
155 0.14102565 0.8148148
156 0.14012739 0.8148148
157 0.1392405 0.8148148
158 0.13836478 0.8148148
159 0.1375 0.8148148
160 0.13664596 0.8148148
161 0.13580246 0.8148148
162 0.13496932 0.8148148
163 0.13414635 0.8148148
164 0.13333334 0.8148148
165 0.13253012 0.8148148
166 0.13173653 0.8148148
167 0.13095239 0.8148148
168 0.13017751 0.8148148
169 0.12941177 0.8148148
170 0.12865497 0.8148148
171 0.12790698 0.8148148
172 0.12716763 0.8148148
173 0.12643678 0.8148148
174 0.12571429 0.8148148
175 0.125 0.8148148
176 0.12429378 0.8148148
177 0.123595506 0.8148148
178 0.12290503 0.8148148
179 0.12222222 0.8148148
180 0.12154696 0.8148148
181 0.12087912 0.8148148
182 0.12568305 0.8518519
183 0.125 0.8518519
184 0.12432432 0.8518519
185 0.123655915 0.8518519
186 0.12834224 0.8888889
187 0.12765957 0.8888889
188 0.12698413 0.8888889
189 0.12631579 0.8888889
190 0.12565444 0.8888889
191 0.125 0.8888889
192 0.12435233 0.8888889
193 0.12371134 0.8888889
194 0.12307692 0.8888889
195 0.12244898 0.8888889
196 0.12182741 0.8888889
197 0.121212125 0.8888889
198 0.12562814 0.9259259
199 0.125 0.9259259
200 0.12935324 0.962963
201 0.12871288 0.962963
202 0.12807882 0.962963
203 0.12745099 0.962963
204 0.12682927 0.962963
205 0.1262136 0.962963
206 0.12560387 0.962963
207 0.125 0.962963
208 0.12440191 0.962963
209 0.123809524 0.962963
210 0.123222746 0.962963
211 0.12264151 0.962963
212 0.12206573 0.962963
213 0.12149533 0.962963
214 0.12093023 0.962963
215 0.12037037 0.962963
216 0.11981567 0.962963
217 0.119266056 0.962963
218 0.11872146 0.962963
219 0.11818182 0.962963
220 0.11764706 0.962963
221 0.117117114 0.962963
222 0.11659193 0.962963
223 0.116071425 0.962963
224 0.115555555 0.962963
225 0.11504425 0.962963
226 0.11453745 0.962963
227 0.114035085 0.962963
228 0.11353712 0.962963
229 0.11304348 0.962963
230 0.11255411 0.962963
231 0.112068966 0.962963
232 0.11158799 0.962963
233 0.11111111 0.962963
234 0.1106383 0.962963
235 0.11016949 0.962963
236 0.10970464 0.962963
237 0.1092437 0.962963
238 0.10878661 0.962963
239 0.108333334 0.962963
240 0.10788382 0.962963
241 0.10743801 0.962963
242 0.10699589 0.962963
243 0.10655738 0.962963
244 0.10612245 0.962963
245 0.10569106 0.962963
246 0.10526316 0.962963
247 0.10483871 0.962963
248 0.104417674 0.962963
249 0.104 0.962963
250 0.10358566 0.962963
251 0.103174604 0.962963
252 0.1027668 0.962963
253 0.10236221 0.962963
254 0.101960786 0.962963
255 0.1015625 0.962963
256 0.101167314 0.962963
257 0.1007752 0.962963
258 0.1003861 0.962963
259 0.1 0.962963
260 0.099616855 0.962963
261 0.099236645 0.962963
262 0.09885932 0.962963
263 0.09848485 0.962963
264 0.09811321 0.962963
265 0.09774436 0.962963
266 0.09737828 0.962963
267 0.09701493 0.962963
268 0.09665427 0.962963
269 0.096296296 0.962963
270 0.09594096 0.962963
271 0.09558824 0.962963
272 0.0952381 0.962963
273 0.09489051 0.962963
274 0.094545454 0.962963
275 0.0942029 0.962963
276 0.09386282 0.962963
277 0.09352518 0.962963
278 0.09318996 0.962963
279 0.092857145 0.962963
280 0.09252669 0.962963
281 0.09219858 0.962963
282 0.09187279 0.962963
283 0.09154929 0.962963
284 0.09122807 0.962963
285 0.09090909 0.962963
286 0.09059233 0.962963
287 0.090277776 0.962963
288 0.089965396 0.962963
289 0.089655176 0.962963
290 0.08934708 0.962963
291 0.0890411 0.962963
292 0.088737205 0.962963
293 0.088435374 0.962963
294 0.08813559 0.962963
295 0.08783784 0.962963
296 0.08754209 0.962963
297 0.087248325 0.962963
298 0.08695652 0.962963
299 0.086666666 0.962963
300 0.08637874 0.962963
301 0.08609272 0.962963
302 0.08580858 0.962963
303 0.08552632 0.962963
304 0.0852459 0.962963
305 0.08496732 0.962963
306 0.084690556 0.962963
307 0.084415585 0.962963
308 0.084142394 0.962963
309 0.08387097 0.962963
310 0.08360129 0.962963
311 0.083333336 0.962963
312 0.08306709 0.962963
313 0.08280255 0.962963
314 0.082539685 0.962963
315 0.08227848 0.962963
316 0.08201893 0.962963
317 0.08176101 0.962963
318 0.0815047 0.962963
319 0.08125 0.962963
320 0.080996886 0.962963
321 0.08074534 0.962963
322 0.08049536 0.962963
323 0.08024691 0.962963
324 0.08 0.962963
325 0.0797546 0.962963
326 0.0795107 0.962963
327 0.07926829 0.962963
328 0.079027355 0.962963
329 0.07878788 0.962963
330 0.07854985 0.962963
331 0.078313254 0.962963
332 0.078078076 0.962963
333 0.077844314 0.962963
334 0.07761194 0.962963
335 0.077380955 0.962963
336 0.077151336 0.962963
337 0.07692308 0.962963
338 0.076696165 0.962963
339 0.07647059 0.962963
340 0.076246336 0.962963
341 0.07602339 0.962963
342 0.07580175 0.962963
343 0.075581394 0.962963
344 0.07536232 0.962963
345 0.07514451 0.962963
346 0.074927956 0.962963
347 0.07471264 0.962963
348 0.074498564 0.962963
349 0.074285716 0.962963
350 0.074074075 0.962963
351 0.07386363 0.962963
352 0.07365439 0.962963
353 0.073446326 0.962963
354 0.07323944 0.962963
355 0.073033705 0.962963
356 0.072829135 0.962963
357 0.0726257 0.962963
358 0.0724234 0.962963
359 0.072222225 0.962963
360 0.07202216 0.962963
361 0.0718232 0.962963
362 0.071625344 0.962963
363 0.071428575 0.962963
364 0.07123288 0.962963
365 0.07103825 0.962963
366 0.07084469 0.962963
367 0.07065217 0.962963
368 0.07046071 0.962963
369 0.07027027 0.962963
370 0.07008086 0.962963
371 0.06989247 0.962963
372 0.06970509 0.962963
373 0.069518715 0.962963
374 0.06933333 0.962963
375 0.069148935 0.962963
376 0.06896552 0.962963
377 0.06878307 0.962963
378 0.068601586 0.962963
