0 1.0 0.037037037
1 0.5 0.037037037
2 0.33333334 0.037037037
3 0.25 0.037037037
4 0.4 0.074074075
5 0.33333334 0.074074075
6 0.2857143 0.074074075
7 0.25 0.074074075
8 0.33333334 0.11111111
9 0.3 0.11111111
10 0.27272728 0.11111111
11 0.25 0.11111111
12 0.30769232 0.14814815
13 0.2857143 0.14814815
14 0.26666668 0.14814815
15 0.25 0.14814815
16 0.23529412 0.14814815
17 0.22222222 0.14814815
18 0.21052632 0.14814815
19 0.2 0.14814815
20 0.1904762 0.14814815
21 0.18181819 0.14814815
22 0.17391305 0.14814815
23 0.20833333 0.18518518
24 0.2 0.18518518
25 0.1923077 0.18518518
26 0.18518518 0.18518518
27 0.17857143 0.18518518
28 0.1724138 0.18518518
29 0.16666667 0.18518518
30 0.16129032 0.18518518
31 0.15625 0.18518518
32 0.15151516 0.18518518
33 0.14705883 0.18518518
34 0.14285715 0.18518518
35 0.1388889 0.18518518
36 0.13513513 0.18518518
37 0.13157895 0.18518518
38 0.12820514 0.18518518
39 0.125 0.18518518
40 0.12195122 0.18518518
41 0.11904762 0.18518518
42 0.11627907 0.18518518
43 0.13636364 0.22222222
44 0.13333334 0.22222222
45 0.13043478 0.22222222
46 0.12765957 0.22222222
47 0.125 0.22222222
48 0.14285715 0.25925925
49 0.16 0.2962963
50 0.15686275 0.2962963
51 0.15384616 0.2962963
52 0.1509434 0.2962963
53 0.14814815 0.2962963
54 0.14545454 0.2962963
55 0.14285715 0.2962963
56 0.14035088 0.2962963
57 0.13793103 0.2962963
58 0.13559322 0.2962963
59 0.13333334 0.2962963
60 0.13114753 0.2962963
61 0.12903225 0.2962963
62 0.12698413 0.2962963
63 0.140625 0.33333334
64 0.13846155 0.33333334
65 0.13636364 0.33333334
66 0.13432837 0.33333334
67 0.14705883 0.37037036
68 0.14492753 0.37037036
69 0.14285715 0.37037036
70 0.14084508 0.37037036
71 0.1388889 0.37037036
72 0.15068494 0.4074074
73 0.14864865 0.4074074
74 0.16 0.44444445
75 0.15789473 0.44444445
76 0.15584415 0.44444445
77 0.15384616 0.44444445
78 0.15189873 0.44444445
79 0.15 0.44444445
80 0.14814815 0.44444445
81 0.14634146 0.44444445
82 0.14457831 0.44444445
83 0.14285715 0.44444445
84 0.14117648 0.44444445
85 0.13953489 0.44444445
86 0.14942528 0.4814815
87 0.14772727 0.4814815
88 0.15730338 0.5185185
89 0.15555556 0.5185185
90 0.15384616 0.5185185
91 0.1521739 0.5185185
92 0.15053764 0.5185185
93 0.14893617 0.5185185
94 0.14736842 0.5185185
95 0.15625 0.5555556
96 0.15463917 0.5555556
97 0.15306123 0.5555556
98 0.15151516 0.5555556
99 0.15 0.5555556
100 0.14851485 0.5555556
101 0.14705883 0.5555556
102 0.14563107 0.5555556
103 0.14423077 0.5555556
104 0.15238096 0.5925926
105 0.1509434 0.5925926
106 0.1588785 0.6296296
107 0.1574074 0.6296296
108 0.1559633 0.6296296
109 0.15454546 0.6296296
110 0.15315315 0.6296296
111 0.15178572 0.6296296
112 0.15044248 0.6296296
113 0.1491228 0.6296296
114 0.14782609 0.6296296
115 0.14655173 0.6296296
116 0.14529915 0.6296296
117 0.15254237 0.6666667
118 0.15126051 0.6666667
119 0.15 0.6666667
120 0.14876033 0.6666667
121 0.14754099 0.6666667
122 0.14634146 0.6666667
123 0.14516129 0.6666667
124 0.144 0.6666667
125 0.15079366 0.7037037
126 0.1496063 0.7037037
127 0.1484375 0.7037037
128 0.14728682 0.7037037
129 0.15384616 0.7407407
130 0.15267175 0.7407407
131 0.15151516 0.7407407
132 0.15789473 0.7777778
133 0.15671642 0.7777778
134 0.15555556 0.7777778
135 0.15441176 0.7777778
136 0.16058394 0.8148148
137 0.1594203 0.8148148
138 0.15827338 0.8148148
139 0.15714286 0.8148148
140 0.15602838 0.8148148
141 0.15492958 0.8148148
142 0.15384616 0.8148148
143 0.15277778 0.8148148
144 0.15172414 0.8148148
145 0.15068494 0.8148148
146 0.14965986 0.8148148
147 0.14864865 0.8148148
148 0.147651 0.8148148
149 0.14666666 0.8148148
150 0.14569536 0.8148148
151 0.14473684 0.8148148
152 0.14379086 0.8148148
153 0.14285715 0.8148148
154 0.14193548 0.8148148
155 0.14102565 0.8148148
156 0.14012739 0.8148148
157 0.1392405 0.8148148
158 0.13836478 0.8148148
159 0.1375 0.8148148
160 0.13664596 0.8148148
161 0.13580246 0.8148148
162 0.13496932 0.8148148
163 0.13414635 0.8148148
164 0.13939394 0.8518519
165 0.13855422 0.8518519
166 0.13772455 0.8518519
167 0.13690476 0.8518519
168 0.13609467 0.8518519
169 0.13529412 0.8518519
170 0.13450292 0.8518519
171 0.13953489 0.8888889
172 0.13872832 0.8888889
173 0.13793103 0.8888889
174 0.13714285 0.8888889
175 0.13636364 0.8888889
176 0.13559322 0.8888889
177 0.13483146 0.8888889
178 0.13407822 0.8888889
179 0.13333334 0.8888889
180 0.13259669 0.8888889
181 0.13186814 0.8888889
182 0.13114753 0.8888889
183 0.13043478 0.8888889
184 0.12972973 0.8888889
185 0.12903225 0.8888889
186 0.12834224 0.8888889
187 0.12765957 0.8888889
188 0.12698413 0.8888889
189 0.12631579 0.8888889
190 0.12565444 0.8888889
191 0.13020833 0.9259259
192 0.12953368 0.9259259
193 0.12886597 0.9259259
194 0.12820514 0.9259259
195 0.12755102 0.9259259
196 0.12690355 0.9259259
197 0.12626262 0.9259259
198 0.12562814 0.9259259
199 0.125 0.9259259
200 0.12437811 0.9259259
201 0.12376238 0.9259259
202 0.12315271 0.9259259
203 0.12254902 0.9259259
204 0.12195122 0.9259259
205 0.12135922 0.9259259
206 0.12077295 0.9259259
207 0.120192304 0.9259259
208 0.119617224 0.9259259
209 0.11904762 0.9259259
210 0.11848341 0.9259259
211 0.11792453 0.9259259
212 0.11737089 0.9259259
213 0.11682243 0.9259259
214 0.11627907 0.9259259
215 0.11574074 0.9259259
216 0.115207374 0.9259259
217 0.1146789 0.9259259
218 0.11415525 0.9259259
219 0.11363637 0.9259259
220 0.11312217 0.9259259
221 0.11261261 0.9259259
222 0.11210762 0.9259259
223 0.11160714 0.9259259
224 0.11111111 0.9259259
225 0.11061947 0.9259259
226 0.11013216 0.9259259
227 0.10964912 0.9259259
228 0.1091703 0.9259259
229 0.10869565 0.9259259
230 0.10822511 0.9259259
231 0.112068966 0.962963
232 0.11158799 0.962963
233 0.11111111 0.962963
234 0.1106383 0.962963
235 0.11016949 0.962963
236 0.10970464 0.962963
237 0.1092437 0.962963
238 0.10878661 0.962963
239 0.108333334 0.962963
240 0.10788382 0.962963
241 0.10743801 0.962963
242 0.10699589 0.962963
243 0.10655738 0.962963
244 0.10612245 0.962963
245 0.10569106 0.962963
246 0.10526316 0.962963
247 0.10483871 0.962963
248 0.104417674 0.962963
249 0.104 0.962963
250 0.10358566 0.962963
251 0.103174604 0.962963
252 0.1027668 0.962963
253 0.10236221 0.962963
254 0.101960786 0.962963
255 0.1015625 0.962963
256 0.101167314 0.962963
257 0.1007752 0.962963
258 0.1003861 0.962963
259 0.1 0.962963
260 0.099616855 0.962963
261 0.099236645 0.962963
262 0.09885932 0.962963
263 0.09848485 0.962963
264 0.09811321 0.962963
265 0.09774436 0.962963
266 0.09737828 0.962963
267 0.09701493 0.962963
268 0.09665427 0.962963
269 0.096296296 0.962963
270 0.09594096 0.962963
271 0.09558824 0.962963
272 0.0952381 0.962963
273 0.09489051 0.962963
274 0.094545454 0.962963
275 0.0942029 0.962963
276 0.09386282 0.962963
277 0.09352518 0.962963
278 0.09318996 0.962963
279 0.092857145 0.962963
280 0.09252669 0.962963
281 0.09219858 0.962963
282 0.09187279 0.962963
283 0.09154929 0.962963
284 0.09122807 0.962963
285 0.09090909 0.962963
286 0.09059233 0.962963
287 0.090277776 0.962963
288 0.089965396 0.962963
289 0.089655176 0.962963
290 0.08934708 0.962963
291 0.0890411 0.962963
292 0.088737205 0.962963
293 0.088435374 0.962963
294 0.08813559 0.962963
295 0.08783784 0.962963
296 0.08754209 0.962963
297 0.087248325 0.962963
298 0.08695652 0.962963
299 0.086666666 0.962963
300 0.08637874 0.962963
301 0.08609272 0.962963
302 0.08580858 0.962963
303 0.08552632 0.962963
304 0.0852459 0.962963
305 0.08496732 0.962963
306 0.084690556 0.962963
307 0.084415585 0.962963
308 0.084142394 0.962963
309 0.08387097 0.962963
310 0.08360129 0.962963
311 0.083333336 0.962963
312 0.08306709 0.962963
313 0.08280255 0.962963
314 0.082539685 0.962963
315 0.08227848 0.962963
316 0.08201893 0.962963
317 0.08176101 0.962963
318 0.0815047 0.962963
319 0.08125 0.962963
320 0.080996886 0.962963
321 0.08074534 0.962963
322 0.08049536 0.962963
323 0.08024691 0.962963
324 0.08 0.962963
325 0.0797546 0.962963
326 0.0795107 0.962963
327 0.07926829 0.962963
328 0.079027355 0.962963
329 0.07878788 0.962963
330 0.07854985 0.962963
331 0.078313254 0.962963
332 0.078078076 0.962963
333 0.077844314 0.962963
334 0.07761194 0.962963
335 0.077380955 0.962963
336 0.077151336 0.962963
337 0.07692308 0.962963
338 0.076696165 0.962963
339 0.07647059 0.962963
340 0.076246336 0.962963
341 0.07602339 0.962963
342 0.07580175 0.962963
343 0.075581394 0.962963
344 0.07536232 0.962963
345 0.07514451 0.962963
346 0.074927956 0.962963
347 0.07471264 0.962963
348 0.074498564 0.962963
349 0.074285716 0.962963
350 0.074074075 0.962963
351 0.07386363 0.962963
352 0.07365439 0.962963
353 0.073446326 0.962963
354 0.07323944 0.962963
355 0.073033705 0.962963
356 0.072829135 0.962963
357 0.0726257 0.962963
358 0.0724234 0.962963
359 0.072222225 0.962963
360 0.07202216 0.962963
361 0.0718232 0.962963
362 0.071625344 0.962963
363 0.071428575 0.962963
364 0.07123288 0.962963
365 0.07103825 0.962963
366 0.07084469 0.962963
367 0.07065217 0.962963
368 0.07046071 0.962963
369 0.07027027 0.962963
370 0.07008086 0.962963
371 0.06989247 0.962963
372 0.06970509 0.962963
373 0.069518715 0.962963
374 0.06933333 0.962963
375 0.069148935 0.962963
376 0.06896552 0.962963
377 0.06878307 0.962963
378 0.068601586 0.962963
379 0.06842105 0.962963
380 0.06824147 0.962963
381 0.06806283 0.962963
382 0.067885116 0.962963
383 0.067708336 0.962963
384 0.067532465 0.962963
385 0.06735751 0.962963
386 0.067183465 0.962963
387 0.067010306 0.962963
388 0.06683805 0.962963
389 0.06666667 0.962963
