0 1.0 0.037037037
1 1.0 0.074074075
2 1.0 0.11111111
3 1.0 0.14814815
4 1.0 0.18518518
5 0.8333333 0.18518518
6 0.71428573 0.18518518
7 0.625 0.18518518
8 0.5555556 0.18518518
9 0.6 0.22222222
10 0.6363636 0.25925925
11 0.6666667 0.2962963
12 0.61538464 0.2962963
13 0.5714286 0.2962963
14 0.6 0.33333334
15 0.625 0.37037036
16 0.5882353 0.37037036
17 0.6111111 0.4074074
18 0.6315789 0.44444445
19 0.6 0.44444445
20 0.5714286 0.44444445
21 0.54545456 0.44444445
22 0.5217391 0.44444445
23 0.5416667 0.4814815
24 0.56 0.5185185
25 0.53846157 0.5185185
26 0.5185185 0.5185185
27 0.5 0.5185185
28 0.4827586 0.5185185
29 0.46666667 0.5185185
30 0.48387095 0.5555556
31 0.46875 0.5555556
32 0.45454547 0.5555556
33 0.44117647 0.5555556
34 0.42857143 0.5555556
35 0.41666666 0.5555556
36 0.4054054 0.5555556
37 0.39473686 0.5555556
38 0.3846154 0.5555556
39 0.375 0.5555556
40 0.36585367 0.5555556
41 0.35714287 0.5555556
42 0.3488372 0.5555556
43 0.3409091 0.5555556
44 0.33333334 0.5555556
45 0.3478261 0.5925926
46 0.34042552 0.5925926
47 0.33333334 0.5925926
48 0.3265306 0.5925926
49 0.32 0.5925926
50 0.3137255 0.5925926
51 0.30769232 0.5925926
52 0.3018868 0.5925926
53 0.2962963 0.5925926
54 0.3090909 0.6296296
55 0.30357143 0.6296296
56 0.2982456 0.6296296
57 0.31034482 0.6666667
58 0.30508474 0.6666667
59 0.3 0.6666667
60 0.29508197 0.6666667
61 0.30645162 0.7037037
62 0.3015873 0.7037037
63 0.3125 0.7407407
64 0.30769232 0.7407407
65 0.3030303 0.7407407
66 0.29850745 0.7407407
67 0.29411766 0.7407407
68 0.28985506 0.7407407
69 0.2857143 0.7407407
70 0.29577464 0.7777778
71 0.29166666 0.7777778
72 0.28767124 0.7777778
73 0.2837838 0.7777778
74 0.28 0.7777778
75 0.27631578 0.7777778
76 0.27272728 0.7777778
77 0.2820513 0.8148148
78 0.278481 0.8148148
79 0.275 0.8148148
80 0.27160493 0.8148148
81 0.2682927 0.8148148
82 0.26506025 0.8148148
83 0.26190478 0.8148148
84 0.25882354 0.8148148
85 0.25581396 0.8148148
86 0.25287357 0.8148148
87 0.25 0.8148148
88 0.24719101 0.8148148
89 0.24444444 0.8148148
90 0.24175824 0.8148148
91 0.23913044 0.8148148
92 0.23655914 0.8148148
93 0.23404256 0.8148148
94 0.23157895 0.8148148
95 0.22916667 0.8148148
96 0.22680412 0.8148148
97 0.2244898 0.8148148
98 0.22222222 0.8148148
99 0.22 0.8148148
100 0.21782178 0.8148148
101 0.21568628 0.8148148
102 0.21359223 0.8148148
103 0.21153846 0.8148148
104 0.20952381 0.8148148
105 0.20754717 0.8148148
106 0.20560747 0.8148148
107 0.2037037 0.8148148
108 0.20183486 0.8148148
109 0.2 0.8148148
110 0.1981982 0.8148148
111 0.19642857 0.8148148
112 0.19469027 0.8148148
113 0.19298245 0.8148148
114 0.19130434 0.8148148
115 0.18965517 0.8148148
116 0.18803419 0.8148148
117 0.18644068 0.8148148
118 0.18487395 0.8148148
119 0.19166666 0.8518519
120 0.19008264 0.8518519
121 0.18852459 0.8518519
122 0.18699187 0.8518519
123 0.18548387 0.8518519
124 0.184 0.8518519
125 0.1904762 0.8888889
126 0.18897638 0.8888889
127 0.1875 0.8888889
128 0.18604651 0.8888889
129 0.18461539 0.8888889
130 0.18320611 0.8888889
131 0.18181819 0.8888889
132 0.18045112 0.8888889
133 0.17910448 0.8888889
134 0.17777778 0.8888889
135 0.1764706 0.8888889
136 0.17518248 0.8888889
137 0.17391305 0.8888889
138 0.17266187 0.8888889
139 0.17142858 0.8888889
140 0.17021276 0.8888889
141 0.16901408 0.8888889
142 0.16783217 0.8888889
143 0.16666667 0.8888889
144 0.16551724 0.8888889
145 0.16438356 0.8888889
146 0.1632653 0.8888889
147 0.16216215 0.8888889
148 0.16107382 0.8888889
149 0.16 0.8888889
150 0.1589404 0.8888889
151 0.15789473 0.8888889
152 0.15686275 0.8888889
153 0.15584415 0.8888889
154 0.15483871 0.8888889
155 0.15384616 0.8888889
156 0.15286624 0.8888889
157 0.15189873 0.8888889
158 0.1572327 0.9259259
159 0.15625 0.9259259
160 0.1552795 0.9259259
161 0.15432099 0.9259259
162 0.15337424 0.9259259
163 0.15243903 0.9259259
164 0.15151516 0.9259259
165 0.15060242 0.9259259
166 0.1497006 0.9259259
167 0.14880952 0.9259259
168 0.147929 0.9259259
169 0.14705883 0.9259259
170 0.14619882 0.9259259
171 0.14534883 0.9259259
172 0.14450867 0.9259259
173 0.14367816 0.9259259
174 0.14285715 0.9259259
175 0.14204545 0.9259259
176 0.14124294 0.9259259
177 0.14044943 0.9259259
178 0.1396648 0.9259259
179 0.1388889 0.9259259
180 0.13812155 0.9259259
181 0.13736264 0.9259259
182 0.13661203 0.9259259
183 0.13586956 0.9259259
184 0.13513513 0.9259259
185 0.13978495 0.962963
186 0.13903743 0.962963
187 0.13829787 0.962963
188 0.13756613 0.962963
189 0.1368421 0.962963
190 0.13612565 0.962963
191 0.13541667 0.962963
192 0.13471502 0.962963
193 0.13402061 0.962963
194 0.13333334 0.962963
195 0.13265306 0.962963
196 0.13197969 0.962963
197 0.13131313 0.962963
198 0.13065326 0.962963
199 0.13 0.962963
200 0.12935324 0.962963
201 0.12871288 0.962963
202 0.12807882 0.962963
203 0.12745099 0.962963
204 0.12682927 0.962963
205 0.1262136 0.962963
206 0.12560387 0.962963
207 0.125 0.962963
208 0.12440191 0.962963
209 0.123809524 0.962963
210 0.123222746 0.962963
211 0.12264151 0.962963
212 0.12206573 0.962963
213 0.12149533 0.962963
214 0.12093023 0.962963
215 0.12037037 0.962963
216 0.11981567 0.962963
217 0.119266056 0.962963
218 0.11872146 0.962963
219 0.11818182 0.962963
220 0.11764706 0.962963
221 0.117117114 0.962963
222 0.11659193 0.962963
223 0.116071425 0.962963
224 0.115555555 0.962963
225 0.11504425 0.962963
226 0.11453745 0.962963
227 0.114035085 0.962963
228 0.11353712 0.962963
229 0.11304348 0.962963
230 0.11255411 0.962963
231 0.112068966 0.962963
232 0.11158799 0.962963
233 0.11111111 0.962963
234 0.1106383 0.962963
235 0.11016949 0.962963
236 0.10970464 0.962963
237 0.1092437 0.962963
238 0.10878661 0.962963
239 0.108333334 0.962963
240 0.10788382 0.962963
241 0.10743801 0.962963
242 0.10699589 0.962963
243 0.10655738 0.962963
244 0.10612245 0.962963
245 0.10569106 0.962963
246 0.10526316 0.962963
247 0.10483871 0.962963
248 0.104417674 0.962963
249 0.104 0.962963
250 0.10358566 0.962963
251 0.103174604 0.962963
252 0.1027668 0.962963
253 0.10236221 0.962963
254 0.101960786 0.962963
255 0.1015625 0.962963
256 0.101167314 0.962963
257 0.1007752 0.962963
258 0.1003861 0.962963
259 0.1 0.962963
260 0.099616855 0.962963
261 0.099236645 0.962963
262 0.09885932 0.962963
263 0.09848485 0.962963
264 0.09811321 0.962963
265 0.09774436 0.962963
266 0.09737828 0.962963
267 0.09701493 0.962963
268 0.09665427 0.962963
269 0.096296296 0.962963
270 0.09594096 0.962963
271 0.09558824 0.962963
272 0.0952381 0.962963
273 0.09489051 0.962963
274 0.094545454 0.962963
275 0.0942029 0.962963
276 0.09386282 0.962963
277 0.09352518 0.962963
278 0.09318996 0.962963
279 0.092857145 0.962963
280 0.09252669 0.962963
281 0.09219858 0.962963
282 0.09187279 0.962963
283 0.09154929 0.962963
284 0.09122807 0.962963
285 0.09090909 0.962963
286 0.09059233 0.962963
287 0.090277776 0.962963
288 0.089965396 0.962963
289 0.089655176 0.962963
290 0.08934708 0.962963
291 0.0890411 0.962963
292 0.088737205 0.962963
293 0.088435374 0.962963
294 0.08813559 0.962963
295 0.08783784 0.962963
296 0.08754209 0.962963
297 0.087248325 0.962963
298 0.08695652 0.962963
299 0.086666666 0.962963
300 0.08637874 0.962963
301 0.08609272 0.962963
302 0.08580858 0.962963
303 0.08552632 0.962963
304 0.0852459 0.962963
305 0.08496732 0.962963
306 0.084690556 0.962963
307 0.084415585 0.962963
308 0.084142394 0.962963
309 0.08387097 0.962963
310 0.08360129 0.962963
311 0.083333336 0.962963
312 0.08306709 0.962963
313 0.08280255 0.962963
314 0.082539685 0.962963
315 0.08227848 0.962963
316 0.08201893 0.962963
317 0.08176101 0.962963
318 0.0815047 0.962963
319 0.08125 0.962963
320 0.080996886 0.962963
321 0.08074534 0.962963
322 0.08049536 0.962963
323 0.08024691 0.962963
324 0.08 0.962963
325 0.0797546 0.962963
326 0.0795107 0.962963
327 0.07926829 0.962963
328 0.079027355 0.962963
329 0.07878788 0.962963
330 0.07854985 0.962963
331 0.078313254 0.962963
332 0.078078076 0.962963
333 0.077844314 0.962963
334 0.07761194 0.962963
335 0.077380955 0.962963
336 0.077151336 0.962963
337 0.07692308 0.962963
338 0.076696165 0.962963
339 0.07647059 0.962963
340 0.076246336 0.962963
341 0.07602339 0.962963
342 0.07580175 0.962963
343 0.075581394 0.962963
344 0.07536232 0.962963
345 0.07514451 0.962963
346 0.074927956 0.962963
347 0.07471264 0.962963
348 0.074498564 0.962963
349 0.074285716 0.962963
350 0.074074075 0.962963
351 0.07386363 0.962963
352 0.07365439 0.962963
353 0.073446326 0.962963
354 0.07323944 0.962963
355 0.073033705 0.962963
356 0.072829135 0.962963
357 0.0726257 0.962963
358 0.0724234 0.962963
359 0.072222225 0.962963
360 0.07202216 0.962963
361 0.0718232 0.962963
362 0.071625344 0.962963
363 0.071428575 0.962963
364 0.07123288 0.962963
365 0.07103825 0.962963
366 0.07084469 0.962963
367 0.07065217 0.962963
368 0.07046071 0.962963
369 0.07027027 0.962963
370 0.07008086 0.962963
371 0.06989247 0.962963
372 0.06970509 0.962963
373 0.069518715 0.962963
374 0.06933333 0.962963
375 0.069148935 0.962963
376 0.06896552 0.962963
377 0.06878307 0.962963
378 0.068601586 0.962963
